v = [1 2 3 4]
m = [1 2 3; 4 5 6; 7 8 10]
V2 = [1; 2; 3; 4; 5]
z = zeros(5,1)

m2 = rand(3,2)